inf
inf
inf
inf
inf
inf
inf
3.059389e+00
3.033618e+00
3.028166e+00
2.016181e+00
1.984356e+00
1.948719e+00
1.944101e+00
1.952927e+00
1.940422e+00
1.964588e+00
2.008065e+00
inf
inf
1.017875e+00
9.673799e-01
9.467531e-01
9.404553e-01
9.243976e-01
9.270335e-01
9.269943e-01
9.269443e-01
8.999475e-01
9.052789e-01
8.888683e-01
9.245151e-01
9.282136e-01
9.276689e-01
9.500589e-01
9.527111e-01
1.019564e+00
2.446669e+00
2.434304e+00
2.450890e+00
2.467643e+00
2.524087e+00
inf
inf
inf
inf
inf
inf
inf
inf
inf
inf
inf
inf
inf
1.819724e+00
1.759610e+00
1.719273e+00
1.718656e+00
1.681677e+00
1.683628e+00
1.707309e+00
1.724218e+00
1.740237e+00
1.807986e+00
3.342631e+00
3.315554e+00
3.317021e+00
3.257088e+00
3.250134e+00
3.232189e+00
3.189535e+00
3.202238e+00
3.043320e+00
2.832385e+00
2.653556e+00
2.576918e+00
2.561383e+00
2.560640e+00
2.550127e+00
2.512323e+00
2.531152e+00
2.519448e+00
2.508459e+00
2.499671e+00
2.402663e+00
2.326671e+00
2.239281e+00
2.184245e+00
2.107670e+00
2.041608e+00
1.987084e+00
1.929886e+00
1.877373e+00
1.844702e+00
1.783663e+00
1.743023e+00
1.691255e+00
1.677961e+00
1.624830e+00
1.596001e+00
1.560112e+00
1.547349e+00
1.499078e+00
1.478821e+00
1.439631e+00
1.407925e+00
1.412487e+00
1.372755e+00
1.362794e+00
1.338158e+00
1.327363e+00
1.322588e+00
1.293460e+00
1.272118e+00
1.261440e+00
1.244459e+00
1.230751e+00
1.191947e+00
1.191074e+00
1.162544e+00
1.177170e+00
1.154414e+00
1.146314e+00
1.149891e+00
1.117302e+00
1.116006e+00
1.112343e+00
1.113199e+00
1.108311e+00
1.086018e+00
1.076007e+00
1.086851e+00
1.076244e+00
1.076464e+00
1.061275e+00
1.063380e+00
1.042101e+00
1.046158e+00
1.057415e+00
1.049340e+00
1.048663e+00
1.041108e+00
1.033656e+00
1.041174e+00
1.018004e+00
1.010113e+00
1.016679e+00
1.034083e+00
1.045867e+00
1.032689e+00
1.023315e+00
9.783407e-01
9.726250e-01
9.406077e-01
9.040425e-01
8.917765e-01
8.783253e-01
8.318463e-01
8.273638e-01
8.252297e-01
8.232682e-01
7.835164e-01
7.687164e-01
7.458820e-01
7.516277e-01
7.393424e-01
7.240653e-01
7.144424e-01
6.991986e-01
6.902001e-01
6.892613e-01
6.613204e-01
6.468142e-01
6.499276e-01
6.431555e-01
6.307803e-01
6.395769e-01
6.230647e-01
6.051081e-01
6.088263e-01
5.941409e-01
5.911917e-01
5.754882e-01
5.891235e-01
5.898999e-01
5.841937e-01
5.622003e-01
5.783103e-01
5.585543e-01
5.499288e-01
5.605035e-01
5.485833e-01
5.548107e-01
5.579796e-01
5.453627e-01
5.512016e-01
5.236115e-01
5.440421e-01
5.490975e-01
5.372603e-01
5.261409e-01
5.362980e-01
5.511853e-01
5.406379e-01
5.477639e-01
5.131955e-01
5.305066e-01
5.299785e-01
5.348410e-01
5.279004e-01
5.292671e-01
5.332890e-01
5.356227e-01
5.244721e-01
5.359252e-01
5.327861e-01
5.135592e-01
5.260703e-01
5.456789e-01
5.483010e-01
5.558339e-01
5.477627e-01
5.288380e-01
5.461850e-01
5.494491e-01
5.663070e-01
5.539104e-01
5.671123e-01
5.583403e-01
5.788026e-01
5.703858e-01
5.693107e-01
5.755513e-01
5.867851e-01
5.955256e-01
5.845272e-01
6.133914e-01
6.030681e-01
6.330490e-01
6.098580e-01
6.189771e-01
6.219610e-01
6.412073e-01
6.523864e-01
6.529431e-01
6.787110e-01
6.824675e-01
6.832596e-01
6.894649e-01
6.831784e-01
7.264992e-01
7.101726e-01
7.355277e-01
7.496265e-01
7.469794e-01
7.792410e-01
8.066055e-01
8.125364e-01
8.239329e-01
8.421185e-01
8.571985e-01
8.829895e-01
9.116652e-01
9.153118e-01
9.371444e-01
9.569452e-01
9.940623e-01
1.039366e+00
1.057918e+00
1.098795e+00
1.121405e+00
1.164438e+00
1.219062e+00
1.261458e+00
1.288138e+00
1.347114e+00
1.407761e+00
1.480534e+00
1.520096e+00
1.523072e+00
1.536683e+00
1.540415e+00
1.546553e+00
1.549115e+00
1.556237e+00
1.569028e+00
1.570724e+00
1.597790e+00
1.592394e+00
1.604939e+00
1.610909e+00
1.631280e+00
1.899192e+00
2.253006e+00
2.270849e+00
2.289434e+00
2.313039e+00
2.327567e+00
2.353651e+00
2.372503e+00
2.386923e+00
2.418158e+00
2.447035e+00
2.487582e+00
2.518557e+00
2.548574e+00
2.586254e+00
2.622841e+00
2.663701e+00
2.698975e+00
2.747666e+00
2.766583e+00
2.835916e+00
2.878497e+00
2.938302e+00
2.990164e+00
3.032101e+00
3.114284e+00
1.037943e+00
1.008937e+00
9.743430e-01
9.823612e-01
9.778354e-01
9.596721e-01
9.603264e-01
9.655085e-01
9.569018e-01
9.616815e-01
9.768053e-01
9.690938e-01
9.788539e-01
9.948196e-01
1.023016e+00
inf
inf
inf
inf
inf
2.049682e+00
1.992842e+00
1.970188e+00
1.965819e+00
1.987099e+00
1.955979e+00
1.986296e+00
2.023989e+00
3.054653e+00
3.043212e+00
3.039352e+00
3.093122e+00
inf
inf
inf
inf
inf
inf
inf
inf
inf
